  0        0 4.3
  1    50000 2.3
  0        0 4.3
  1    50000 2.3
  2   100000 4.0
  3   150000 6.3
  4   200000 5.3
  5   250000 4.0
  6   300000 5.7
  7   350000 11.0
  8   400000 5.3
  9   450000 8.3
 10   500000 9.0
 11   550000 9.7
 12   600000 12.0
 13   650000 8.7
 14   700000 12.3
 15   750000 11.7
 16   800000 17.7
 17   850000 20.0
 18   900000 26.3
 19   950000 23.7
 20  1000000 20.7
 21  1050000 25.7
 22  1100000 35.3
 23  1150000 23.7
 24  1200000 33.7
 25  1250000 32.0
 26  1300000 37.0
 27  1350000 33.7
 28  1400000 27.7
 29  1450000 40.3
 30  1500000 38.7
 31  1550000 28.7
 32  1600000 36.3
 33  1650000 38.3
 34  1700000 53.3
 35  1750000 57.3
 36  1800000 42.3
 37  1850000 61.0
 38  1900000 38.3
 39  1950000 50.0
 40  2000000 34.0
 41  2050000 51.7
 42  2100000 39.3
 43  2150000 50.3
 44  2200000 35.0
 45  2250000 52.7
 46  2300000 35.3
 47  2350000 50.3
 48  2400000 37.3
 49  2450000 78.0
 50  2500000 52.0
 51  2550000 67.7
 52  2600000 66.0
 53  2650000 57.0
 54  2700000 55.7
 55  2750000 44.0
 56  2800000 63.0
 57  2850000 70.7
 58  2900000 78.0
 59  2950000 69.0
 60  3000000 73.3
 61  3050000 38.7
 62  3100000 45.3
 63  3150000 61.0
 64  3200000 73.7
 65  3250000 60.3
 66  3300000 130.7
 67  3350000 107.3
 68  3400000 98.0
 69  3450000 71.3
 70  3500000 65.0
 71  3550000 85.3
 72  3600000 88.3
 73  3650000 73.7
 74  3700000 89.7
 75  3750000 63.3
 76  3800000 131.3
 77  3850000 157.3
 78  3900000 43.0
 79  3950000 157.0
 80  4000000 49.3
 81  4050000 135.7
 82  4100000 49.0
 83  4150000 92.0
 84  4200000 53.0
 85  4250000 78.3
 86  4300000 102.3
 87  4350000 93.0
 88  4400000 73.0
 89  4450000 87.0
 90  4500000 115.7
 91  4550000 153.0
 92  4600000 133.3
 93  4650000 82.0
 94  4700000 121.3
 95  4750000 231.3
 96  4800000 51.0
 97  4850000 70.7
 98  4900000 34.7
 99  4950000 113.7
100  5000000 103.7
101  5050000 103.0
102  5100000 100.7
103  5150000 155.0
104  5200000 71.7
105  5250000 86.0
106  5300000 21.3
107  5350000 55.0
108  5400000 113.7
109  5450000 88.7
110  5500000 136.7
111  5550000 82.7
112  5600000 164.3
113  5650000 70.0
114  5700000 107.7
115  5750000 110.7
116  5800000 58.7
117  5850000 98.3
118  5900000 93.3
119  5950000 58.7
120  6000000 135.3
121  6050000 106.7
122  6100000 85.0
123  6150000 138.0
124  6200000 76.0
125  6250000 110.3
126  6300000 92.0
127  6350000 87.0
128  6400000 109.0
129  6450000 131.0
130  6500000 56.0
131  6550000 102.3
132  6600000 179.3
133  6650000 140.7
134  6700000 91.3
135  6750000 36.0
136  6800000 48.7
137  6850000 178.3
138  6900000 64.0
139  6950000 59.0
140  7000000 134.0
141  7050000 147.0
142  7100000 59.7
143  7150000 90.3
144  7200000 106.3
145  7250000 64.7
146  7300000 82.3
147  7350000 114.0
148  7400000 76.7
149  7450000 55.3
150  7500000 184.0
151  7550000 51.0
152  7600000 95.7
153  7650000 64.7
154  7700000 74.0
155  7750000 50.0
156  7800000 138.7
157  7850000 171.3
158  7900000 139.0
159  7950000 158.3
160  8000000 119.3
161  8050000 56.3
162  8100000 105.3
163  8150000 109.0
164  8200000 69.7
165  8250000 154.3
166  8300000 81.0
167  8350000 33.7
168  8400000 102.0
169  8450000 115.3
170  8500000 148.7
171  8550000 55.7
172  8600000 47.0
173  8650000 104.7
174  8700000 182.7
175  8750000 127.3
176  8800000 69.3
177  8850000 56.0
178  8900000 90.0
179  8950000 100.7
180  9000000 48.0
181  9050000 96.3
182  9100000 78.0
183  9150000 111.3
184  9200000 77.0
185  9250000 68.7
186  9300000 247.3
187  9350000 125.0
188  9400000 52.3
189  9450000 59.0
190  9500000 37.0
191  9550000 64.3
192  9600000 66.0
193  9650000 47.7
194  9700000 77.0
195  9750000 95.0
196  9800000 93.7
197  9850000 210.3
198  9900000 70.0
199  9950000 39.3
  0        0 4.3
  1    50000 2.3
  2   100000 3.7
  3   150000 6.3
  4   200000 6.7
  5   250000 6.0
  6   300000 7.7
  7   350000 6.7
  8   400000 11.7
  9   450000 10.3
 10   500000 7.7
 11   550000 8.7
 12   600000 14.0
 13   650000 13.3
 14   700000 11.7
 15   750000 9.3
 16   800000 16.0
 17   850000 15.3
 18   900000 28.7
 19   950000 26.0
 20  1000000 22.3
 21  1050000 41.0
 22  1100000 27.3
 23  1150000 27.0
 24  1200000 29.3
 25  1250000 34.0
 26  1300000 30.3
 27  1350000 40.0
 28  1400000 44.0
 29  1450000 40.3
 30  1500000 46.7
 31  1550000 34.3
 32  1600000 44.3
 33  1650000 44.0
 34  1700000 42.0
 35  1750000 40.3
 36  1800000 41.3
 37  1850000 50.3
 38  1900000 48.3
 39  1950000 41.7
 40  2000000 39.7
 41  2050000 49.3
 42  2100000 45.3
 43  2150000 34.0
 44  2200000 46.3
 45  2250000 38.3
 46  2300000 55.7
 47  2350000 54.3
 48  2400000 58.3
 49  2450000 52.0
 50  2500000 46.3
 51  2550000 57.3
 52  2600000 48.7
 53  2650000 60.7
 54  2700000 69.3
 55  2750000 65.0
 56  2800000 58.0
 57  2850000 37.3
 58  2900000 80.3
 59  2950000 101.0
 60  3000000 51.3
 61  3050000 56.3
 62  3100000 90.7
 63  3150000 59.7
 64  3200000 60.7
 65  3250000 82.0
 66  3300000 71.7
 67  3350000 76.0
 68  3400000 81.0
 69  3450000 52.3
 70  3500000 108.7
 71  3550000 47.3
 72  3600000 45.7
  0        0 4.3
  1    50000 2.3
  2   100000 3.0
  3   150000 4.0
  4   200000 10.0
  5   250000 9.3
  6   300000 4.7
  7   350000 6.3
  8   400000 8.0
  9   450000 10.0
 10   500000 8.7
 11   550000 12.0
 12   600000 10.3
 13   650000 12.7
 14   700000 16.3
 15   750000 14.7
 16   800000 19.3
 17   850000 11.7
 18   900000 24.0
 19   950000 22.3
 20  1000000 24.0
 21  1050000 31.0
 22  1100000 32.7
 23  1150000 28.0
 24  1200000 28.3
 25  1250000 28.3
 26  1300000 25.7
 27  1350000 34.0
 28  1400000 38.0
 29  1450000 41.7
 30  1500000 37.3
 31  1550000 38.3
 32  1600000 43.3
 33  1650000 52.0
 34  1700000 46.0
 35  1750000 51.7
 36  1800000 50.0
 37  1850000 41.3
 38  1900000 59.7
 39  1950000 49.0
 40  2000000 41.0
 41  2050000 34.3
 42  2100000 53.0
 43  2150000 52.3
 44  2200000 41.3
 45  2250000 56.0
 46  2300000 69.7
 47  2350000 46.7
 48  2400000 30.3
 49  2450000 58.3
 50  2500000 45.7
 51  2550000 54.0
 52  2600000 61.7
 53  2650000 39.7
 54  2700000 65.7
 55  2750000 42.7
 56  2800000 50.7
 57  2850000 58.0
 58  2900000 24.7
 59  2950000 49.3
 60  3000000 66.7
 61  3050000 43.3
 62  3100000 53.3
 63  3150000 70.0
 64  3200000 47.3
 65  3250000 87.0
 66  3300000 68.3
 67  3350000 48.7
 68  3400000 61.7
 69  3450000 70.7
 70  3500000 49.0
 71  3550000 57.3
 72  3600000 123.0
 73  3650000 84.3
 74  3700000 67.7
 75  3750000 54.0
 76  3800000 63.0
 77  3850000 72.3
 78  3900000 132.7
 79  3950000 85.0
 80  4000000 93.3
 81  4050000 77.3
 82  4100000 69.0
 83  4150000 94.3
 84  4200000 70.0
 85  4250000 46.7
 86  4300000 105.7
 87  4350000 59.0
 88  4400000 85.0
 89  4450000 80.0
 90  4500000 156.7
 91  4550000 84.3
 92  4600000 178.3
 93  4650000 87.0
 94  4700000 161.7
 95  4750000 129.7
 96  4800000 54.7
 97  4850000 88.0
 98  4900000 97.3
 99  4950000 113.3
100  5000000 143.0
101  5050000 67.3
102  5100000 126.3
103  5150000 58.7
104  5200000 149.0
105  5250000 37.7
106  5300000 104.0
107  5350000 78.3
108  5400000 92.3
109  5450000 99.0
110  5500000 199.7
111  5550000 26.7
112  5600000 51.7
113  5650000 121.7
114  5700000 143.0
115  5750000 75.7
116  5800000 128.7
117  5850000 57.7
118  5900000 44.3
119  5950000 169.0
120  6000000 80.3
121  6050000 85.3
122  6100000 199.0
123  6150000 51.3
124  6200000 109.3
125  6250000 145.0
126  6300000 117.0
127  6350000 213.3
128  6400000 133.7
129  6450000 93.3
130  6500000 82.0
131  6550000 176.7
132  6600000 81.0
133  6650000 90.7
134  6700000 83.0
135  6750000 42.7
136  6800000 174.0
137  6850000 113.7
138  6900000 140.3
139  6950000 139.0
140  7000000 210.0
141  7050000 125.0
142  7100000 104.7
143  7150000 78.7
144  7200000 65.3
145  7250000 77.0
146  7300000 191.3
147  7350000 66.3
148  7400000 100.3
149  7450000 175.3
150  7500000 68.0
151  7550000 248.0
152  7600000 120.0
153  7650000 97.0
154  7700000 163.3
155  7750000 182.7
156  7800000 161.3
157  7850000 107.7
158  7900000 41.7
159  7950000 187.7
160  8000000 131.7
161  8050000 73.3
162  8100000 63.0
163  8150000 49.3
164  8200000 144.7
165  8250000 131.3
166  8300000 157.7
167  8350000 79.7
168  8400000 118.7
169  8450000 87.3
170  8500000 254.0
171  8550000 104.0
172  8600000 133.0
173  8650000 56.0
174  8700000 94.0
175  8750000 103.0
176  8800000 246.7
177  8850000 92.3
178  8900000 149.0
179  8950000 120.7
180  9000000 63.0
181  9050000 122.3
182  9100000 115.3
183  9150000 124.7
184  9200000 77.0
185  9250000 182.7
186  9300000 30.0
187  9350000 73.3
188  9400000 104.0
189  9450000 151.7
190  9500000 77.3
191  9550000 90.7
192  9600000 95.0
193  9650000 67.7
194  9700000 108.3
195  9750000 90.0
196  9800000 57.3
197  9850000 84.3
198  9900000 68.7
199  9950000 158.7
200 10000000 62.0
201 10050000 76.3
202 10100000 78.0
203 10150000 113.3
204 10200000 85.3
205 10250000 174.0
206 10300000 55.0
207 10350000 154.7
208 10400000 137.7
209 10450000 95.3
210 10500000 67.3
211 10550000 183.0
212 10600000 195.7
213 10650000 133.0
214 10700000 120.7
215 10750000 72.3
216 10800000 128.3
217 10850000 126.0
218 10900000 94.0
219 10950000 72.7
220 11000000 63.7
221 11050000 98.3
222 11100000 206.0
223 11150000 90.0
224 11200000 138.7
225 11250000 171.3
226 11300000 145.3
227 11350000 137.0
228 11400000 88.3
229 11450000 141.3
230 11500000 89.0
231 11550000 82.7
232 11600000 148.0
233 11650000 40.3
234 11700000 119.7
235 11750000 123.7
236 11800000 73.0
237 11850000 154.3
238 11900000 139.0
239 11950000 173.3
240 12000000 121.7
241 12050000 190.0
242 12100000 139.0
243 12150000 206.3
244 12200000 69.3
245 12250000 67.7
246 12300000 134.0
247 12350000 107.0
248 12400000 197.0
249 12450000 51.3
250 12500000 58.7
251 12550000 66.0
252 12600000 94.7
253 12650000 176.3
254 12700000 128.0
255 12750000 84.7
256 12800000 206.0
257 12850000 94.3
258 12900000 146.0
259 12950000 189.0
260 13000000 85.7
261 13050000 162.0
262 13100000 79.3
263 13150000 126.3
264 13200000 220.0
265 13250000 139.3
266 13300000 75.3
267 13350000 198.7
268 13400000 280.0
269 13450000 93.3
270 13500000 56.0
271 13550000 100.3
272 13600000 218.7
273 13650000 161.7
274 13700000 168.7
275 13750000 109.7
276 13800000 63.0
277 13850000 49.3
278 13900000 155.0
279 13950000 64.3
280 14000000 89.0
281 14050000 69.3
282 14100000 74.7
283 14150000 60.0
284 14200000 94.0
285 14250000 173.3
286 14300000 138.0
287 14350000 184.0
288 14400000 113.7
  0        0 4.3
  1    50000 2.3
289 14450000 79.7
  2   100000 3.7
290 14500000 55.0
  3   150000 2.7
291 14550000 55.0
  4   200000 3.7
292 14600000 135.0
  5   250000 5.0
  6   300000 7.0
293 14650000 141.0
  7   350000 5.3
294 14700000 109.0
  8   400000 8.0
295 14750000 114.0
  9   450000 6.7
296 14800000 77.0
 10   500000 8.3
297 14850000 87.3
 11   550000 13.7
298 14900000 43.0
 12   600000 13.0
 13   650000 13.0
299 14950000 115.0
 14   700000 12.7
300 15000000 74.7
 15   750000 20.7
301 15050000 199.7
 16   800000 15.3
302 15100000 68.0
 17   850000 17.3
303 15150000 134.0
 18   900000 19.0
304 15200000 37.7
 19   950000 23.3
305 15250000 45.3
 20  1000000 24.7
306 15300000 47.0
 21  1050000 27.3
 22  1100000 25.0
307 15350000 61.0
 23  1150000 33.3
308 15400000 158.7
 24  1200000 25.7
309 15450000 123.0
 25  1250000 36.3
310 15500000 160.0
 26  1300000 24.3
311 15550000 67.3
 27  1350000 30.3
312 15600000 80.0
 28  1400000 30.7
313 15650000 196.0
 29  1450000 30.0
314 15700000 98.7
 30  1500000 36.3
315 15750000 35.7
 31  1550000 27.0
 32  1600000 27.0
316 15800000 157.7
 33  1650000 37.7
317 15850000 135.3
 34  1700000 31.0
318 15900000 83.7
 35  1750000 43.7
319 15950000 158.0
 36  1800000 37.3
320 16000000 161.7
 37  1850000 40.7
321 16050000 77.7
 38  1900000 32.0
322 16100000 201.7
 39  1950000 36.3
323 16150000 125.7
 40  2000000 31.3
324 16200000 160.7
 41  2050000 42.0
 42  2100000 62.0
325 16250000 265.3
 43  2150000 53.3
326 16300000 82.0
 44  2200000 42.0
327 16350000 204.3
 45  2250000 40.3
328 16400000 256.7
 46  2300000 55.0
329 16450000 127.7
 47  2350000 56.7
330 16500000 128.0
 48  2400000 56.7
331 16550000 43.7
 49  2450000 54.3
332 16600000 218.0
 50  2500000 34.3
333 16650000 94.7
 51  2550000 39.7
 52  2600000 51.3
334 16700000 146.7
 53  2650000 69.7
335 16750000 131.3
 54  2700000 58.3
336 16800000 141.0
 55  2750000 159.0
337 16850000 140.3
 56  2800000 56.0
338 16900000 142.3
 57  2850000 52.3
339 16950000 312.0
 58  2900000 69.7
340 17000000 160.3
 59  2950000 68.0
341 17050000 68.0
 60  3000000 43.3
 61  3050000 47.7
342 17100000 120.3
 62  3100000 70.7
343 17150000 72.7
 63  3150000 49.3
344 17200000 254.7
 64  3200000 60.3
345 17250000 131.7
 65  3250000 62.3
346 17300000 113.3
 66  3300000 73.7
347 17350000 121.3
 67  3350000 61.0
348 17400000 115.0
 68  3400000 58.3
349 17450000 38.3
 69  3450000 67.0
 70  3500000 76.7
350 17500000 61.0
 71  3550000 195.3
351 17550000 174.0
 72  3600000 83.0
352 17600000 154.0
 73  3650000 103.0
353 17650000 89.0
 74  3700000 113.0
354 17700000 171.7
 75  3750000 60.7
355 17750000 159.0
 76  3800000 56.0
356 17800000 133.7
 77  3850000 69.7
357 17850000 50.7
 78  3900000 59.0
 79  3950000 218.3
358 17900000 234.0
 80  4000000 74.0
359 17950000 311.7
 81  4050000 127.0
360 18000000 232.0
 82  4100000 84.0
361 18050000 169.7
 83  4150000 59.7
362 18100000 101.0
 84  4200000 92.0
363 18150000 235.3
 85  4250000 59.0
364 18200000 169.3
 86  4300000 93.7
365 18250000 56.3
 87  4350000 100.0
366 18300000 136.7
 88  4400000 132.3
367 18350000 154.7
 89  4450000 57.7
368 18400000 77.7
 90  4500000 148.3
 91  4550000 86.7
369 18450000 153.3
 92  4600000 86.3
370 18500000 127.0
 93  4650000 74.7
371 18550000 54.0
 94  4700000 75.0
372 18600000 216.3
 95  4750000 186.0
373 18650000 94.7
 96  4800000 69.7
374 18700000 134.3
 97  4850000 73.7
375 18750000 92.0
 98  4900000 116.7
376 18800000 86.0
 99  4950000 150.3
377 18850000 98.0
100  5000000 178.3
378 18900000 54.7
101  5050000 138.3
379 18950000 225.0
102  5100000 37.7
103  5150000 199.3
380 19000000 118.0
104  5200000 33.7
381 19050000 144.7
105  5250000 119.3
382 19100000 191.3
106  5300000 109.7
383 19150000 213.3
107  5350000 106.0
384 19200000 70.0
108  5400000 62.7
385 19250000 125.3
109  5450000 58.0
386 19300000 86.3
110  5500000 128.0
387 19350000 213.7
111  5550000 117.0
388 19400000 151.0
112  5600000 74.3
389 19450000 147.3
113  5650000 107.7
390 19500000 171.7
114  5700000 99.0
115  5750000 149.3
391 19550000 140.7
116  5800000 101.7
392 19600000 207.7
117  5850000 40.3
393 19650000 122.3
118  5900000 86.7
394 19700000 140.0
119  5950000 35.0
395 19750000 176.7
120  6000000 86.0
396 19800000 154.3
121  6050000 118.0
397 19850000 179.7
122  6100000 141.3
398 19900000 165.3
123  6150000 52.7
399 19950000 196.3
124  6200000 60.3
125  6250000 34.7
126  6300000 73.3
127  6350000 50.7
128  6400000 87.3
129  6450000 110.7
130  6500000 99.0
131  6550000 80.0
132  6600000 59.3
133  6650000 243.7
134  6700000 70.3
135  6750000 73.7
136  6800000 73.0
137  6850000 75.7
138  6900000 97.3
139  6950000 43.3
140  7000000 79.3
141  7050000 143.7
142  7100000 79.3
143  7150000 100.0
144  7200000 120.7
145  7250000 56.0
146  7300000 46.3
147  7350000 93.0
148  7400000 66.0
149  7450000 130.7
150  7500000 89.0
151  7550000 115.3
152  7600000 64.0
153  7650000 130.7
154  7700000 114.7
155  7750000 94.0
156  7800000 173.7
157  7850000 153.3
158  7900000 60.0
159  7950000 77.7
160  8000000 160.7
161  8050000 117.3
162  8100000 105.7
163  8150000 115.7
164  8200000 46.7
165  8250000 39.0
166  8300000 71.0
167  8350000 89.7
168  8400000 84.7
169  8450000 64.0
170  8500000 169.7
171  8550000 67.7
172  8600000 76.0
173  8650000 37.7
174  8700000 53.7
175  8750000 63.7
176  8800000 185.7
177  8850000 115.3
178  8900000 158.3
179  8950000 48.0
180  9000000 130.7
181  9050000 114.7
182  9100000 49.0
183  9150000 108.0
184  9200000 122.7
185  9250000 120.3
186  9300000 150.0
187  9350000 72.0
188  9400000 152.3
189  9450000 176.3
190  9500000 133.3
191  9550000 62.3
192  9600000 140.0
193  9650000 97.0
194  9700000 228.7
195  9750000 50.0
196  9800000 172.3
197  9850000 176.0
198  9900000 166.0
199  9950000 101.3
200 10000000 87.3
201 10050000 163.3
202 10100000 73.7
203 10150000 78.0
204 10200000 112.3
205 10250000 92.0
206 10300000 117.0
207 10350000 47.3
208 10400000 226.0
209 10450000 130.3
210 10500000 80.3
211 10550000 129.3
212 10600000 87.0
213 10650000 107.0
214 10700000 45.7
215 10750000 93.0
216 10800000 240.3
217 10850000 88.3
218 10900000 68.0
219 10950000 107.7
220 11000000 60.0
221 11050000 147.0
222 11100000 124.7
223 11150000 58.7
224 11200000 102.3
225 11250000 226.7
226 11300000 156.0
227 11350000 118.7
228 11400000 190.0
229 11450000 159.7
230 11500000 146.3
231 11550000 68.3
232 11600000 161.0
233 11650000 67.0
234 11700000 203.7
235 11750000 78.3
236 11800000 135.3
237 11850000 62.7
238 11900000 186.7
239 11950000 138.0
240 12000000 83.3
241 12050000 94.0
242 12100000 206.7
243 12150000 201.3
244 12200000 176.7
245 12250000 90.7
246 12300000 284.7
247 12350000 102.3
248 12400000 157.0
249 12450000 171.3
250 12500000 89.7
251 12550000 26.0
252 12600000 82.0
253 12650000 166.7
254 12700000 171.0
255 12750000 87.0
256 12800000 187.3
257 12850000 213.7
258 12900000 85.7
259 12950000 154.7
260 13000000 187.0
261 13050000 159.7
262 13100000 161.3
263 13150000 239.0
264 13200000 141.3
265 13250000 122.0
266 13300000 167.0
267 13350000 172.7
268 13400000 85.0
269 13450000 213.0
270 13500000 76.7
271 13550000 122.3
272 13600000 258.3
273 13650000 114.0
274 13700000 78.0
275 13750000 184.0
276 13800000 210.3
277 13850000 162.7
278 13900000 178.0
279 13950000 298.0
280 14000000 104.7
281 14050000 192.7
282 14100000 132.3
283 14150000 68.7
284 14200000 52.0
285 14250000 315.7
286 14300000 244.7
287 14350000 87.0
288 14400000 184.7
289 14450000 179.3
290 14500000 219.0
291 14550000 160.0
292 14600000 114.7
293 14650000 136.7
294 14700000 227.7
295 14750000 76.7
296 14800000 92.0
297 14850000 108.0
298 14900000 140.7
299 14950000 106.7
300 15000000 225.3
301 15050000 53.7
302 15100000 146.0
303 15150000 197.0
304 15200000 65.3
305 15250000 78.0
306 15300000 150.3
307 15350000 156.0
308 15400000 147.3
309 15450000 152.0
310 15500000 153.7
311 15550000 169.0
312 15600000 303.7
313 15650000 43.0
314 15700000 159.7
315 15750000 230.3
316 15800000 126.0
317 15850000 154.7
318 15900000 153.0
319 15950000 161.0
320 16000000 195.7
321 16050000 113.0
322 16100000 151.3
323 16150000 138.7
324 16200000 211.0
325 16250000 84.7
326 16300000 183.0
327 16350000 65.3
328 16400000 90.7
329 16450000 136.3
330 16500000 123.7
331 16550000 150.7
332 16600000 166.0
333 16650000 95.7
334 16700000 140.0
335 16750000 130.7
336 16800000 84.7
337 16850000 124.3
338 16900000 151.3
339 16950000 176.0
340 17000000 168.3
341 17050000 101.3
342 17100000 120.3
343 17150000 79.0
344 17200000 66.3
345 17250000 50.7
346 17300000 74.0
347 17350000 150.7
348 17400000 57.0
349 17450000 171.7
350 17500000 123.0
351 17550000 70.3
352 17600000 101.7
353 17650000 58.7
354 17700000 159.7
355 17750000 105.0
356 17800000 255.7
357 17850000 108.3
358 17900000 66.7
359 17950000 90.3
360 18000000 225.3
361 18050000 102.3
362 18100000 151.0
363 18150000 192.0
364 18200000 141.7
365 18250000 148.3
366 18300000 74.0
367 18350000 56.3
368 18400000 125.3
369 18450000 165.3
370 18500000 179.7
371 18550000 151.3
372 18600000 77.7
373 18650000 257.0
374 18700000 235.0
375 18750000 310.7
376 18800000 64.3
377 18850000 76.0
378 18900000 48.7
379 18950000 57.7
380 19000000 146.7
381 19050000 65.7
382 19100000 109.0
383 19150000 101.3
384 19200000 75.0
385 19250000 81.7
386 19300000 242.7
387 19350000 84.7
388 19400000 170.3
389 19450000 123.3
390 19500000 152.7
391 19550000 110.0
392 19600000 134.7
393 19650000 161.0
394 19700000 159.7
395 19750000 58.7
396 19800000 112.3
397 19850000 274.0
398 19900000 237.3
399 19950000 76.0
400 20000000 125.3
401 20050000 224.0
402 20100000 154.3
403 20150000 229.7
404 20200000 69.3
405 20250000 69.3
406 20300000 237.7
407 20350000 28.3
408 20400000 279.0
409 20450000 161.7
410 20500000 131.3
411 20550000 95.7
412 20600000 152.3
413 20650000 173.7
414 20700000 202.0
415 20750000 67.7
416 20800000 40.7
417 20850000 97.0
418 20900000 85.7
419 20950000 204.0
420 21000000 234.7
421 21050000 155.3
422 21100000 160.7
423 21150000 150.3
424 21200000 65.0
425 21250000 130.3
426 21300000 151.7
427 21350000 182.0
428 21400000 258.3
429 21450000 52.7
430 21500000 293.7
431 21550000 198.7
432 21600000 54.0
433 21650000 269.7
434 21700000 109.3
435 21750000 101.7
436 21800000 145.3
437 21850000 220.0
438 21900000 65.7
439 21950000 183.0
440 22000000 194.7
441 22050000 279.3
442 22100000 158.0
443 22150000 154.0
444 22200000 197.0
445 22250000 267.7
446 22300000 62.0
447 22350000 139.0
448 22400000 214.0
449 22450000 62.7
450 22500000 159.7
451 22550000 188.0
452 22600000 61.0
453 22650000 145.0
454 22700000 164.3
455 22750000 235.7
456 22800000 179.3
457 22850000 136.7
458 22900000 214.0
459 22950000 55.7
460 23000000 151.0
461 23050000 59.7
462 23100000 88.3
463 23150000 68.0
464 23200000 90.0
465 23250000 180.3
466 23300000 230.3
467 23350000 118.3
468 23400000 172.7
469 23450000 75.0
470 23500000 158.0
471 23550000 184.7
472 23600000 129.0
473 23650000 249.3
474 23700000 188.0
475 23750000 103.3
476 23800000 241.0
477 23850000 170.0
478 23900000 150.3
479 23950000 163.0
480 24000000 168.7
481 24050000 67.3
482 24100000 162.3
483 24150000 146.3
484 24200000 62.7
485 24250000 157.0
486 24300000 158.0
487 24350000 145.0
488 24400000 129.0
489 24450000 99.3
490 24500000 279.7
491 24550000 111.7
492 24600000 124.7
493 24650000 115.0
494 24700000 167.0
495 24750000 238.7
496 24800000 146.3
497 24850000 138.7
498 24900000 132.3
499 24950000 135.0
