  0        0 4.3
  0        0 4.3
  1   100000 2.3
  0        0 4.3
  1   100000 2.3
  2   200000 2.7
  3   300000 9.3
  0        0 4.3
  0        0 4.3
  1    50000 2.3
  2   100000 4.7
  3   150000 4.7
  4   200000 5.3
  5   250000 4.0
  6   300000 5.7
  7   350000 7.7
  8   400000 8.3
  9   450000 8.0
 10   500000 11.7
 11   550000 12.0
 12   600000 8.7
 13   650000 11.0
 14   700000 7.7
 15   750000 13.7
 16   800000 20.7
 17   850000 17.7
 18   900000 19.3
 19   950000 22.7
 20  1000000 23.3
 21  1050000 24.0
 22  1100000 20.0
 23  1150000 27.0
 24  1200000 32.3
  0        0 4.3
  1    50000 2.3
  2   100000 4.3
  3   150000 4.7
  0        0 4.3
  1    50000 2.3
  2   100000 4.3
  0        0 4.3
  1    50000 2.3
  2   100000 3.7
  3   150000 4.0
  4   200000 2.3
  5   250000 6.3
  6   300000 8.0
  0        0 4.3
  1    50000 2.3
  2   100000 3.0
  0        0 4.3
  1    40000 2.7
  2    80000 2.0
  3   120000 4.3
  4   160000 2.7
  5   200000 5.0
  6   240000 9.7
  7   280000 6.3
  8   320000 10.3
  9   360000 9.7
 10   400000 8.7
 11   440000 6.3
 12   480000 7.7
 13   520000 9.7
 14   560000 11.3
 15   600000 10.7
  0        0 4.3
  1    50000 2.3
  2   100000 1.7
  3   150000 3.7
  4   200000 6.0
  5   250000 2.0
  6   300000 4.7
  7   350000 6.7
  8   400000 9.0
  9   450000 11.7
 10   500000 9.3
 11   550000 11.7
 12   600000 10.3
 13   650000 13.7
 14   700000 11.3
 15   750000 19.0
 16   800000 14.7
 17   850000 18.0
 18   900000 14.3
 19   950000 21.7
 20  1000000 23.0
 21  1050000 20.7
 22  1100000 23.0
 23  1150000 27.7
 24  1200000 27.0
 25  1250000 29.3
 26  1300000 33.3
 27  1350000 35.0
 28  1400000 34.0
 29  1450000 43.7
 30  1500000 26.0
 31  1550000 28.0
 32  1600000 27.0
 33  1650000 17.7
 34  1700000 24.3
 35  1750000 26.3
 36  1800000 32.0
 37  1850000 38.3
 38  1900000 35.0
 39  1950000 39.0
 40  2000000 47.7
 41  2050000 44.7
 42  2100000 39.0
 43  2150000 41.7
 44  2200000 31.3
 45  2250000 42.7
 46  2300000 52.7
 47  2350000 37.0
 48  2400000 46.7
 49  2450000 43.0
 50  2500000 43.7
 51  2550000 40.7
 52  2600000 54.3
 53  2650000 46.0
 54  2700000 39.3
 55  2750000 70.0
 56  2800000 60.3
 57  2850000 50.3
 58  2900000 56.0
 59  2950000 87.0
 60  3000000 57.7
 61  3050000 67.0
 62  3100000 51.0
 63  3150000 62.0
 64  3200000 66.0
 65  3250000 55.0
 66  3300000 131.0
 67  3350000 44.3
 68  3400000 89.0
 69  3450000 67.3
 70  3500000 64.0
 71  3550000 85.0
 72  3600000 89.7
 73  3650000 192.0
 74  3700000 83.0
 75  3750000 75.0
 76  3800000 58.0
 77  3850000 82.3
 78  3900000 86.3
 79  3950000 147.0
 80  4000000 98.3
 81  4050000 106.7
 82  4100000 84.3
 83  4150000 45.3
 84  4200000 81.3
 85  4250000 131.3
 86  4300000 105.3
 87  4350000 96.7
 88  4400000 72.0
 89  4450000 83.0
 90  4500000 106.3
 91  4550000 72.3
 92  4600000 157.7
 93  4650000 69.0
 94  4700000 70.0
 95  4750000 96.0
 96  4800000 145.3
 97  4850000 77.3
 98  4900000 96.0
 99  4950000 71.7
100  5000000 102.3
101  5050000 62.3
102  5100000 91.7
103  5150000 130.0
104  5200000 78.3
105  5250000 110.0
106  5300000 117.0
107  5350000 108.0
108  5400000 52.3
109  5450000 51.0
110  5500000 210.7
111  5550000 123.7
112  5600000 110.0
113  5650000 65.7
114  5700000 72.0
115  5750000 101.7
116  5800000 86.3
117  5850000 107.3
118  5900000 76.7
119  5950000 47.0
120  6000000 153.7
121  6050000 85.0
122  6100000 78.0
123  6150000 85.0
124  6200000 92.3
125  6250000 73.0
126  6300000 75.0
127  6350000 198.3
128  6400000 149.0
129  6450000 116.0
130  6500000 87.7
131  6550000 152.3
132  6600000 188.0
133  6650000 155.3
134  6700000 65.7
135  6750000 67.7
136  6800000 186.3
137  6850000 142.7
138  6900000 106.3
139  6950000 97.0
140  7000000 126.0
141  7050000 103.7
142  7100000 73.3
143  7150000 174.0
144  7200000 81.0
145  7250000 98.3
146  7300000 216.3
147  7350000 122.0
148  7400000 145.0
149  7450000 140.0
150  7500000 113.3
151  7550000 188.0
152  7600000 208.3
153  7650000 146.3
154  7700000 82.3
155  7750000 109.7
156  7800000 172.0
157  7850000 109.3
158  7900000 145.7
159  7950000 75.7
160  8000000 186.7
161  8050000 86.3
162  8100000 80.7
163  8150000 120.0
164  8200000 81.3
165  8250000 56.3
166  8300000 15.7
167  8350000 147.7
168  8400000 66.0
169  8450000 135.0
170  8500000 98.7
171  8550000 66.7
172  8600000 94.7
173  8650000 274.0
174  8700000 204.7
175  8750000 89.0
176  8800000 193.3
177  8850000 187.7
178  8900000 233.7
179  8950000 98.0
180  9000000 67.7
181  9050000 163.0
182  9100000 215.3
183  9150000 154.0
184  9200000 123.0
185  9250000 50.0
186  9300000 211.3
187  9350000 111.3
188  9400000 84.7
189  9450000 80.3
190  9500000 67.0
191  9550000 181.0
192  9600000 80.0
193  9650000 44.3
194  9700000 167.3
195  9750000 65.0
196  9800000 132.7
197  9850000 124.3
198  9900000 140.3
199  9950000 105.7
200 10000000 65.7
201 10050000 123.7
202 10100000 245.7
203 10150000 135.7
204 10200000 99.7
205 10250000 109.0
206 10300000 146.7
207 10350000 72.3
208 10400000 62.0
209 10450000 129.7
210 10500000 161.3
211 10550000 78.7
212 10600000 126.7
213 10650000 157.0
214 10700000 87.0
215 10750000 114.7
216 10800000 144.0
217 10850000 143.3
218 10900000 103.7
219 10950000 257.3
220 11000000 73.3
221 11050000 142.7
222 11100000 184.0
223 11150000 189.7
224 11200000 79.7
225 11250000 31.3
226 11300000 39.7
227 11350000 92.0
228 11400000 241.7
229 11450000 166.7
230 11500000 113.0
231 11550000 207.0
232 11600000 86.3
233 11650000 120.0
234 11700000 306.0
235 11750000 252.3
236 11800000 59.7
237 11850000 109.0
238 11900000 122.7
239 11950000 140.3
240 12000000 77.0
241 12050000 127.0
242 12100000 147.3
243 12150000 38.0
244 12200000 51.0
245 12250000 220.0
246 12300000 58.3
247 12350000 189.3
248 12400000 191.0
249 12450000 148.3
250 12500000 135.3
251 12550000 144.0
252 12600000 82.3
253 12650000 130.3
254 12700000 152.3
255 12750000 106.7
256 12800000 67.3
257 12850000 49.3
258 12900000 175.0
259 12950000 101.3
260 13000000 152.7
261 13050000 110.3
262 13100000 162.0
263 13150000 90.3
264 13200000 170.7
265 13250000 100.3
266 13300000 118.7
267 13350000 96.0
268 13400000 245.0
269 13450000 135.0
270 13500000 47.7
271 13550000 93.3
272 13600000 180.0
273 13650000 61.0
274 13700000 186.7
275 13750000 63.0
276 13800000 56.7
277 13850000 159.3
278 13900000 120.3
279 13950000 67.7
280 14000000 65.0
281 14050000 70.7
282 14100000 131.3
283 14150000 137.0
284 14200000 141.0
285 14250000 55.3
286 14300000 59.0
287 14350000 140.3
288 14400000 60.7
289 14450000 77.7
290 14500000 115.7
291 14550000 133.3
292 14600000 163.3
293 14650000 247.3
294 14700000 88.3
295 14750000 91.3
296 14800000 79.0
297 14850000 318.3
298 14900000 156.3
299 14950000 151.0
300 15000000 186.0
301 15050000 58.0
302 15100000 150.0
303 15150000 46.0
304 15200000 113.3
305 15250000 210.0
306 15300000 188.3
307 15350000 174.3
308 15400000 125.0
309 15450000 220.7
310 15500000 117.3
311 15550000 295.7
312 15600000 146.7
313 15650000 67.7
314 15700000 90.3
315 15750000 122.3
316 15800000 51.7
317 15850000 41.7
318 15900000 39.0
319 15950000 64.7
320 16000000 83.0
321 16050000 244.7
322 16100000 103.0
323 16150000 151.7
324 16200000 226.3
325 16250000 97.7
326 16300000 32.7
327 16350000 71.7
328 16400000 119.7
329 16450000 126.3
330 16500000 77.7
331 16550000 204.7
332 16600000 126.0
333 16650000 184.3
334 16700000 155.0
335 16750000 123.3
336 16800000 85.0
337 16850000 172.0
338 16900000 149.3
339 16950000 239.0
340 17000000 42.7
341 17050000 158.0
342 17100000 59.7
343 17150000 41.7
344 17200000 67.0
345 17250000 223.7
346 17300000 54.0
347 17350000 92.0
348 17400000 80.0
349 17450000 149.3
350 17500000 134.0
351 17550000 105.3
352 17600000 194.7
353 17650000 157.7
354 17700000 320.3
355 17750000 90.0
356 17800000 81.0
357 17850000 116.0
358 17900000 186.7
359 17950000 223.3
360 18000000 184.0
361 18050000 136.3
362 18100000 141.0
363 18150000 175.7
364 18200000 76.7
365 18250000 146.0
366 18300000 167.0
367 18350000 75.3
368 18400000 95.3
369 18450000 100.7
370 18500000 136.0
371 18550000 226.7
372 18600000 134.0
373 18650000 175.7
374 18700000 161.7
375 18750000 63.7
376 18800000 191.7
377 18850000 94.7
378 18900000 170.3
379 18950000 180.3
380 19000000 201.7
381 19050000 146.7
382 19100000 268.7
383 19150000 286.3
384 19200000 66.0
385 19250000 243.0
386 19300000 89.3
387 19350000 87.7
388 19400000 180.0
389 19450000 62.7
390 19500000 125.0
391 19550000 156.7
392 19600000 214.3
393 19650000 97.0
394 19700000 137.3
395 19750000 61.0
396 19800000 123.3
397 19850000 93.3
398 19900000 66.0
399 19950000 88.7
400 20000000 73.0
401 20050000 269.0
402 20100000 98.0
403 20150000 67.7
404 20200000 116.0
405 20250000 201.0
406 20300000 140.0
407 20350000 72.7
408 20400000 159.0
409 20450000 176.0
410 20500000 172.7
411 20550000 252.7
412 20600000 109.0
413 20650000 49.7
414 20700000 147.3
415 20750000 141.0
416 20800000 94.3
417 20850000 164.7
418 20900000 99.0
419 20950000 127.7
420 21000000 172.0
421 21050000 158.7
422 21100000 88.3
423 21150000 228.0
424 21200000 192.3
425 21250000 153.7
426 21300000 140.0
427 21350000 316.7
428 21400000 79.3
429 21450000 169.3
430 21500000 46.3
431 21550000 212.3
432 21600000 213.7
433 21650000 136.7
434 21700000 113.3
435 21750000 294.7
436 21800000 48.0
437 21850000 261.7
438 21900000 218.0
439 21950000 129.0
440 22000000 62.7
441 22050000 177.7
442 22100000 93.3
443 22150000 82.7
444 22200000 256.3
445 22250000 92.3
446 22300000 164.0
447 22350000 168.0
448 22400000 79.3
449 22450000 34.7
450 22500000 183.3
451 22550000 181.7
452 22600000 81.3
453 22650000 151.7
454 22700000 119.0
455 22750000 55.0
456 22800000 162.7
457 22850000 89.0
458 22900000 110.3
459 22950000 235.7
460 23000000 125.7
461 23050000 138.3
462 23100000 154.3
463 23150000 266.3
464 23200000 132.3
465 23250000 153.7
466 23300000 136.0
467 23350000 141.7
468 23400000 334.0
469 23450000 138.0
470 23500000 36.7
471 23550000 144.3
472 23600000 176.7
473 23650000 286.0
474 23700000 114.3
475 23750000 196.7
476 23800000 54.3
477 23850000 101.7
478 23900000 37.3
479 23950000 130.7
480 24000000 167.7
481 24050000 115.0
482 24100000 93.0
483 24150000 148.3
484 24200000 93.3
485 24250000 207.7
486 24300000 70.7
487 24350000 181.7
488 24400000 254.7
489 24450000 158.0
490 24500000 74.7
491 24550000 50.7
492 24600000 84.3
493 24650000 104.0
494 24700000 209.3
495 24750000 173.7
496 24800000 230.3
497 24850000 168.7
498 24900000 194.0
499 24950000 62.3
